130 0 472236 472237
131 472237 680479 208243
132 680480 808760 128281
133 808761 891715 82955
134 891716 987897 96182
135 987898 1033128 45231
136 1033129 1058809 25681
137 1058810 1117196 58387
138 1117197 1172609 55413
139 1172610 1223599 50990
140 1223600 1277719 54120
141 1277720 1351775 74056
142 1351776 1768337 416562
143 1768338 2214665 446328
144 2214666 2691943 477278
145 2691944 2701298 9355
146 2701299 3194636 493338
147 3194637 3510099 315463
148 3510100 3614327 104228
149 3614328 3759413 145086
150 3759414 3817991 58578
151 3817992 3883238 65247
152 3883239 4136872 253634
153 4136873 4204246 67374
154 4204247 4282850 78604
155 4282851 4318818 35968
156 4318819 4339427 20609
157 4339428 4601788 262361
158 4601789 4886190 284402
159 4886191 5002435 116245
160 5002436 5307533 305098
161 5307534 5320561 13028
162 5320562 5358103 37542
163 5358104 5685039 326936
164 5685040 5998413 313374
165 5998414 6329422 331009
166 6329423 6727767 398345
167 6727768 7185110 457343
168 7185111 7644936 459826
169 7644937 8143344 498408
170 8143345 8639518 496174
171 8639519 9168822 529304
172 9168823 9296983 128161
173 9296984 9563150 266167
174 9563151 9833148 269998
175 9833149 10092578 259430
176 10092579 10349852 257274
177 10349853 10558692 208840
178 10558693 10864993 306301
179 10864994 10953906 88913
180 10953907 10981506 27600
181 10981507 10994193 12687
182 10994194 10998995 4802
183 10998996 11010400 11405
184 11010401 11398543 388143
185 11398544 11789437 390894
186 11789438 12107996 318559
187 12107997 12402398 294402
188 12402399 12642569 240171
189 12642570 12851718 209149
190 12851719 12917033 65315
191 12917034 13122467 205434
192 13122468 13310550 188083
193 13310551 13530261 219711
194 13530262 13761639 231378
195 13761640 13984031 222392
196 13984032 14236241 252210
197 14236242 14263005 26764
198 14263006 14266689 3684
199 14266690 14310851 44162
200 14310852 14640593 329742
201 14640594 15012119 371526
202 15012120 15322371 310252
203 15322372 15583881 261510
204 15583882 15738007 154126
205 15738008 15750504 12497
206 15750505 16033545 283041
207 16033546 16270835 237290
208 16270836 16373912 103077
209 16373913 16589083 215171
210 16589084 16858850 269767
211 16858851 17155226 296376
212 17155227 17371739 216513
213 17371740 17696871 325132
214 17696872 17980443 283572
215 17980444 18229183 248740
216 18229184 18434943 205760
217 18434944 18610023 175080
218 18610024 18913717 303694
219 18913718 19131193 217476
220 19131194 19323786 192593
221 19323787 19430429 106643
222 19430430 19720650 290221
223 19720651 19974596 253946
224 19974597 20263953 289357
225 20263954 20371750 107797
226 20371751 20737547 365797
227 20737548 20936232 198685
228 20936233 21300654 364422
229 21300655 21380161 79507
230 21380162 21777969 397808
231 21777970 22127515 349546
232 22127516 22468436 340921
233 22468437 22596152 127716
234 22596153 22908133 311981
235 22908134 23179086 270953
236 23179087 23515399 336313
237 23515400 23867082 351683
238 23867083 24216250 349168
239 24216251 24581933 365683
240 24581934 24618723 36790
241 24618724 25017611 398888
242 25017612 25339063 321452
243 25339064 25734239 395176
244 25734240 26078903 344664
245 26078904 26416791 337888
246 26416792 26771805 355014
247 26771806 27138016 366211
248 27138017 27438271 300255
249 27438272 27707385 269114
250 27707386 28032927 325542
251 28032928 28417237 384310
252 28417238 28852494 435257
253 28852495 29286751 434257
254 29286752 29664588 377837
255 29664589 30168043 503455
256 30168044 30443089 275046
264 30443090 30700894 257805
265 30700895 30981456 280562
266 30981457 31282870 301414
267 31282871 31686753 403883
268 31686754 31832846 146093
269 31832847 32169628 336782
270 32169629 32417579 247951
271 32417580 32650254 232675
272 32650255 32882055 231801
273 32882056 33165882 283827
274 33165883 33437191 271309
275 33437192 33773993 336802
276 33773994 34038976 264983
277 34038977 34240006 201030
278 34240007 34485617 245611
279 34485618 34789136 303519
280 34789137 35130731 341595
281 35130732 35448466 317735
282 35448467 35794087 345621
283 35794088 35815620 21533
284 35815621 35938346 122726
285 35938347 36046934 108588
286 36046935 36053832 6898
287 36053833 36056375 2543
288 36056376 36389685 333310
289 36389686 36776303 386618
290 36776304 36964263 187960
291 36964264 37344368 380105
292 37344369 37795051 450683
293 37795052 38188987 393936
294 38188988 38368942 179955
295 38368943 38641230 272288
296 38641231 38955102 313872
297 38955103 39242797 287695
298 39242798 39524151 281354
299 39524152 39815776 291625
300 39815777 40108417 292641
301 40108418 40413269 304852
302 40413270 40748877 335608
303 40748878 41074099 325222
304 41074100 41420736 346637
305 41420737 41660222 239486
306 41660223 41879686 219464
307 41879687 42133428 253742
308 42133429 42383501 250073
309 42383502 42624404 240903
310 42624405 42898024 273620
311 42898025 43124472 226448
312 43124473 43438890 314418
313 43438891 43745882 306992
314 43745883 44056870 310988
315 44056871 44405225 348355
316 44405226 44812155 406930
317 44812156 45205239 393084
318 45205240 45544680 339441
319 45544681 45782795 238115
320 45782796 46089389 306594
321 46089390 46371498 282109
322 46371499 46668943 297445
323 46668944 46976536 307593
324 46976537 47271607 295071
325 47271608 47580118 308511
326 47580119 47995535 415417
327 47995536 48327193 331658
328 48327194 48661780 334587
329 48661781 49040056 378276
330 49040057 49350493 310437
331 49350494 49617996 267503
332 49617997 49870323 252327
333 49870324 50134527 264204
334 50134528 50337281 202754
335 50337282 50537060 199779
336 50537061 50776733 239673
337 50776734 51022254 245521
338 51022255 51318459 296205
339 51318460 51596192 277733
340 51596193 51884173 287981
341 51884174 52198637 314464
342 52198638 52536545 337908
343 52536546 52814133 277588
344 52814134 53022405 208272
345 53022406 53234740 212335
346 53234741 53474254 239514
347 53474255 53808415 334161
348 53808416 54155985 347570
349 54155986 54472962 316977
350 54472963 54748163 275201
351 54748164 54994621 246458
352 54994622 55245954 251333
353 55245955 55490535 244581
354 55490536 55853639 363104
355 55853640 56210095 356456
356 56210096 56417636 207541
357 56417637 56630379 212743
358 56630380 56960790 330411
359 56960791 57282311 321521
360 57282312 57554092 271781
361 57554093 57811209 257117
362 57811210 58067339 256130
363 58067340 58302677 235338
364 58302678 58492120 189443
365 58492121 58725843 233723
366 58725844 59003204 277361
367 59003205 59372033 368829
368 59372034 59722818 350785
369 59722819 60069100 346282
370 60069101 60429804 360704
371 60429805 60815890 386086
372 60815891 61186639 370749
373 61186640 61538785 352146
374 61538786 61802701 263916
375 61802702 62030686 227985
376 62030687 62230385 199699
377 62230386 62452350 221965
378 62452351 62666851 214501
379 62666852 63002007 335156
380 63002008 63324844 322837
381 63324845 63597055 272211
382 63597056 63869675 272620
383 63869676 64152207 282532
384 64152208 64208507 56300
385 64208508 64530576 322069
386 64530577 64571787 41211
387 64571788 64978820 407033
388 64978821 65403806 424986
389 65403807 65812426 408620
390 65812427 66184653 372227
391 66184654 66478211 293558
392 66478212 66639852 161641
393 66639853 66849262 209410
394 66849263 66946651 97389
395 66946652 67337688 391037
396 67337689 67610143 272455
397 67610144 67805230 195087
398 67805231 67994370 189140
399 67994371 68236837 242467
400 68236838 68461806 224969
401 68461807 68697959 236153
402 68697960 68892321 194362
403 68892322 69079046 186725
404 69079047 69321459 242413
405 69321460 69665771 344312
406 69665772 70031577 365806
407 70031578 70352865 321288
408 70352866 70658150 305285
409 70658151 70959934 301784
410 70959935 71247815 287881
411 71247816 71503118 255303
412 71503119 71737140 234022
413 71737141 71990410 253270
414 71990411 72175600 185190
415 72175601 72416228 240628
416 72416229 72639027 222799
417 72639028 72905307 266280
418 72905308 73244453 339146
419 73244454 73599832 355379
420 73599833 73783736 183904
421 73783737 74079834 296098
422 74079835 74343609 263775
423 74343610 74600707 257098
424 74600708 74838186 237479
425 74838187 75056983 218797
426 75056984 75361514 304531
427 75361515 75645680 284166
428 75645681 75972825 327145
429 75972826 76273745 300920
430 76273746 76644028 370283
431 76644029 76968899 324871
432 76968900 77214374 245475
433 77214375 77423509 209135
434 77423510 77651997 228488
435 77651998 77881468 229471
436 77881469 77892749 11281
437 77892750 78117140 224391
438 78117141 78378345 261205
439 78378346